41.29 57.48 110.39 
52.01 40.01 133.51 
74.79 43.52 58.10 
57.26 66.50 37.44 
69.07 38.40 90.03 
70.23 54.29 38.02 
56.90 47.83 95.68 
81.16 41.65 45.76 
82.24 30.33 77.36 
49.82 75.78 30.11 
60.53 42.42 101.95 
86.66 27.09 74.76 
57.28 54.79 73.27 
46.27 79.03 30.24 
67.71 33.12 110.06 
71.52 34.97 93.57 
46.63 67.59 64.28 
32.27 69.35 99.64 
16.56 88.83 84.53 
62.47 58.50 47.14 
17.76 84.47 94.49 
25.47 77.47 94.06 
77.82 42.66 52.12 
32.22 84.48 53.41 
52.45 72.41 32.96 
43.55 64.87 81.35 
82.71 18.64 111.85 
