27.12 64.24 129.91 
6.10 36.58 274.36 
75.30 46.15 48.58 
55.68 68.78 34.94 
65.23 36.05 108.14 
70.89 52.32 42.20 
25.25 58.92 151.52 
84.80 41.63 35.46 
94.34 12.75 96.89 
50.52 74.81 31.09 
52.37 42.85 123.79 
99.18 12.14 85.01 
62.29 50.96 70.78 
33.46 96.02 14.55 
66.33 31.36 119.39 
64.08 17.80 167.32 
52.60 62.02 64.38 
16.49 79.71 112.69 
21.82 84.55 82.73 
65.06 54.87 50.95 
9.21 90.93 98.99 
28.28 75.41 92.38 
79.14 43.04 47.21 
28.37 88.39 52.38 
48.46 78.00 27.18 
42.89 65.36 81.70 
88.22 3.33 143.15 
